 8 10  2  8  0  0  0  0  0  0  0  0  0  0  0  0  0  0  0  0  0  0  0  0
 0  0  0  0  8  3  2  0  0  0  0  0  0  0  0  0  0  0  0  0  0  0  0  0
 8  0  0  0  0  0  0  8  2  5  5  0  0  0  0  0  0  0  0  0  0  0  0  0
 0 10  0  0  0  0  0  0  0  0  0  7  6  0  0  0  0  0  0  0  0  0  0  0
 0  0  0  0  0  0  0  8  0  0  0  0  0 10 10  0  0  0  0  0  0  0  0  0
 0  0  0  0  0  0  0  0  2  0  0  0  0 10  0  2  5  3  0  0  0  0  0  0
 0  0  0  0  0  0  0  0  0  5  0  0  0  0  0  2  0  0  7  9  0  0  0  0
 0  0  2  0  0  0  0  0  0  0  5  0  0  0  0  0  5  0  0  0  8  0  0  0
 0  0  0  8  8  0  0  0  0  0  0  0  0  0  0  0  0  0  7  0  0  8  0  0
 0  0  0  0  0  3  0  0  0  0  0  7  0  0  0  0  0  0  0  0  0  0 10  0
 0  0  0  0  0  0  0  0  0  0  0  0  6  0  0  0  0  0  0  9  0  8 10 10
 0  0  0  0  0  0  2  0  0  0  0  0  0  0 10  0  0  3  0  0  8  0  0 10